69820
6973
6978
6984
6990
6997
6999
7000
7004
7005
7009
7010
7022
7024
7029
7038
7042
7044
7047
7048
7054
7064
7067
7070
7074
7080
7088
7090
7091
7092
7102
7106
7107
7108
7109
7111
7113
7119
7121
7130
7137
7145
7153
7156
7159
7160
7162
7164
7165
7166
7167
7168
7170
7173
7175
7176
7177
7200
7213
7215
7217
7220
7226
7227
7228
7229
7230
7237
7238
7240
7241
7244
7245
7260
7274
7289
7368
7370
7373
7375
7385
7386
7394
7397
7421
7424
7425
7426
7434
7445
7460
7461
7463
7469
7493
7515
7524
7536
7539
12985
13037
13064
13068
13122
13123
13131
13139
13164
13191
13204
13249
13262
13551
13632
13686
27456
27457
28584
28586
28587
28588
28610
29025
29029
29030
29031
29053
29057
29058
30023
30025
30033
30066
30069
30076
30077
30085
30127
30195
30207
30212
30243
31928
32260
32389
32391
32392
32400
32421
33402
33416
33419
33431
34676
34682
34691
34720
34740
35570
35572
35641
36148
36166
36667
36668
36765
36942
36955
36965
36981
36984
36987
36989
37000
37250
37344
37546
37569
37627
38085
38104
38117
38123
38151
38569
38782
39655
39708
39758
40085
40370
40932
41018
41027
41101
41139
41180
41195
41427
42026
42434
42839
43151
43871
44477
44664
45061
45450
46208
46573
47767
47773
48709
48909
48986
49927
50390
50550
50628
50650
51074
51522
51655
52318
52344
52562
52612
52634
53598
54658
55986
56086
56088
56089
56364
57062
58002
58579
58589
58611
58731
58733
58824
59312
59752
59916
60569
60588
60591
60873
60901
61476
62324
62960
63366
63433
63434
63436
63687
63739
64391
64459
64786
64791
64838
64902
65029
65030
65032
65035
65038
65289
65343
65962
66361
66368
66420
67767
67801
69004
69196
69319
72267
72366
72488
72491
72496
72517
72550
72779
72781
73580
74065
74068
74872
74873
75158
75184
75205
75917
76194
76198
76215
76800
76899
76901
76990
77157
77161
77166
77173
77252
77254
77259
78185
78482
79478
79782
80249
80765
82595
82600
82615
82742
83485
83647
84505
84547
85310
85759
87116
87311
88217
88501
88556
88686
89055
89825
89828
91021
91411
91422
92013
92598
92692
93128
93412
93504
93610
93883
93886
94128
94400
95504
95691
96060
96551
99575
99801
101728
102681
102803
102981
103637
104421
104503
104509
104688
104690
104797
104817
104851
105785
106108
107775
107794
107828
107881
108931
109024
109609
110193
110368
111370
112268
112327
113103
113334
114056
115081
115107
115357
115424
115425
116143
116146
116148
116150
118799
119672
121826
121841
121845
121849
121851
123851
124134
124227
124249
124917
125945
126066
126165
126203
126220
126247
126660
127387
128161
128991
129554
130591
130607
130704
131654
132113
133082
133101
133112
133117
133901
134406
135595
135666
135881
135956
136037
136038
136351
137042
137263
138816
139482
139485
139493
139497
139511
139525
139538
139540
139570
139595
139602
139605
139649
139650
139651
139675
139723
139776
141911
141914
141915
142686
143722
143948
143995
144034
144036
144245
144406
146496
146774
146804
146836
148810
151549
153018
153811
154003
154015
156304
156445
158441
158624
159779
160133
160830
161013
161014
161191
161199
162370
162384
162946
162947
163159
165430
166225
166361
166420
166423
166845
168631
169498
171576
171605
171916
172808
173635
173775
173795
173814
174621
174628
174822
174916
175328
177612
177692
177803
177930
178073
178938
179676
179829
180454
182988
182990
183381
183410
183865
185214
185587
185825
185833
186067
186101
186110
192188
192382
195883
196483
197043
197161
197179
198433
199129
199890
201502
202049
202808
206906
207415
207637
207648
208016
209010
209534
209955
209965
209971
209976
211228
212017
212589
212590
212593
212598
212601
212604
212606
212607
212609
212611
212615
212616
212618
212619
212622
212626
212629
212631
212643
213863
214311
215036
215053
215518
217443
217632
217634
219333
219482
219515
219812
222801
222816
223852
224129
226178
227354
227532
229391
229677
229990
232242
235516
236326
236385
236398
236416
236421
236423
236790
236830
237174
237616
238572
238695
238696
239255
240869
242713
243848
244401
244443
244712
244722
247075
247159
248454
249532
252295
254766
257053
260305
260537
260543
261815
262038
262147
263140
263542
263948
263993
263994
265386
265456
266183
267205
267208
268514
269885
269974
270842
270847
270861
270894
271217
272213
273928
279269
279412
279414
279416
279420
279440
279447
279632
280090
280158
280203
280209
280486
283855
286306
286459
286706
287248
287375
287700
288372
288402
289455
289462
290155
290404
290641
290669
292399
292448
292575
295286
295546
295656
295689
295949
295970
296003
297892
297922
297957
297979
297992
298404
299019
299257
299276
301037
301068
301293
303877
304241
305562
305662
307491
307492
307658
308011
309189
310279
311206
312888
315563
315576
315803
319348
320908
321407
322492
323550
323751
324726
325643
328185
329032
329345
330421
330847
330855
330862
330878
332616
332930
334019
337974
338023
340523
340536
340633
346801
347399
347693
347752
347803
348700
348704
351684
354439
355390
355587
357502
359321
360639
362087
367774
369451
374460
375433
377914
378494
378752
380176
380737
387771
389103
390864
393766
396409
396416
400187
405760
406578
407008
407009
408256
413239
414824
417485
417490
417492
417508
417523
417528
417568
417569
420088
420089
420711
420844
420963
422171
428564
433030
437488
437490
437493
438502
438506
441232
441299
442101
444980
445764
446435
446445
446453
447619
447976
450885
450889
452387
454563
454923
455035
456900
457090
459345
460024
461685
465119
465155
465464
465486
465489
467774
468746
468757
468783
468814
469694
469707
470930
471704
473130
473950
475252
475354
476074
478167
480707
481309
481580
482137
483260
485574
486640
490857
491322
492764
493208
495388
495672
497515
499550
501363
507543
507567
507849
511117
516507
517475
520822
527606
527749
527841
527884
527890
529520
529523
529878
537464
538603
538958
546916
549062
549088
549116
550478
552052
555972
558794
559131
559132
560898
560908
560918
561076
561572
562042
572822
574069
576552
578135
580878
583388
590984
590986
592326
599168
599493
599570
600244
600854
601124
603693
606565
609060
609295
610380
613973
614091
614134
614140
614142
614152
614211
617626
618634
621228
621229
625172
627751
629903
632107
641374
644536
648918
655036
655053
655067
655071
655083
655152
670319
670663
672150
680683
683695
683869
689277
691109
691750
692092
696229
696725
702717
706886
707265
710234
711050
715812
721163
741259
742174
743375
746126
753252
753260
753268
753332
753379
757355
759920
759921
763200
763325
763388
763904
765132
768153
795051
798360
860918
863707
866890
868258
869069
871304
871386
874299
874455
881479
887729
887733
887742
887744
887746
887754
887758
904166
907066
911381
913280
913293
928822
929971
931173
931557
931571
934274
935254
935657
938169
940481
946270
987436
987878
987934
988018
992381
995702
998843
999296
1000698
1007316
1007420
1010780
1034927
1038058
1040548
1041015
1041429
1041430
1048682
1049282
1049336
1080085
1080993
1088627
1100831
1109342
1111782
1113323
1115612
1115613
1115617
1116887
1124884
1124897
1124900
1126388
1128429
1133088
1133654
1133760
1136246
1141038
1141352
1155016
1162231
1168655
1168684
1169899
1173688
1178041
1178088
1178119
1178138
1178158
1178161
1178269
1185500
1185617
1186916
1190598
1193838
1195109
1202028
1206364
1208885
1216182
1217928
1223490
1223722
1225065
1226248
1226590
1230158
1230160
1230162
1230166
1230336
1240369
1242752
1244200
1247479
1247480
1247481
1247482
1247484
1247485
1255142
1255228
1256070
1260225
1265417
1270216
1276923
1281814
1291257
1291281
1291514
1291711
1294192
1295013
1295332
1295333
1301242
1308328
1312446
1321409
1323532
1323535
1323536
1323537
1323538
1323539
1323540
1323541
1323543
1323549
1323558
1323559
1323562
1323563
1323565
1323566
1323567
1323568
1325438
1335465
1348599
1368277
1370023
1377509
1384720
1384767
1385220
1386345
1390046
1394545
1407611
1407612
1407613
1407614
1407615
1407616
1407617
1407620
1407767
1411673
1419289
1424507
1425415
1425420
1431903
1432747
1452765
1452977
1461318
1462594
1464854
1464866
1464875
1465056
1465156
1465165
1469657
1470397
1470551
1470552
1471294
1471781
1472216
1473685
1476436
1476881
1477025
1481755
1485382
1492285
1497372
1498843
1499517
1499728
1504846
1504848
1504850
1504851
1504852
1504860
1504866
1504870
1506735
1506736
1506738
1506739
1506740
1506742
1506743
1506744
1506745
1506747
1506901
1507100
1507101
1507102
1507103
1507104
1507105
1507106
1507107
1507109
1507111
1507112
1507113
1507114
1507115
1507116
1507117
1507118
1507119
1507122
1507123
1507124
1507125
1507127
1507129
1507130
1507131
1507133
1507134
1507135
1507136
1507137
1507138
1507139
1507140
1507141
1507142
1507143
1507146
1507147
1507148
1507149
1507150
1507151
1507152
1507153
1507155
1507156
1507157
1507158
1507159
1507160
1507161
1507163
1507164
1507165
1507167
1507168
1507169
1507171
1507173
1507174
1507175
1507176
1507177
1507180
1507333
1507335
1507337
1507341
1507342
1507343
1507345
1507347
1507349
1507352
1507355
1507358
1507360
1507361
1507363
1507365
1511833
1518534
1519109
1530245
1539855
1540938
1542223
1544290
1545103
1545162
1549137
1550038
1550500
1552824
1553482
1553593
1555321
1560625
1561047
1564500
1570007
1570018
1572471
1572473
1572474
1572476
1572477
1572484
1572485
1572504
1572507
1572511
1572512
1572514
1572520
1572521
1572522
1572523
1572526
1572527
1572528
1572530
1572531
1572535
1572536
1572539
1572540
1572550
1572552
1572554
1572560
1572562
1572566
1572572
1572574
1572576
1573538
1573539
1582033
1585280
1585281
1585282
1585283
1585284
1585285
1585286
1585287
1585288
1585289
1585290
1585291
1585292
1585293
1585294
1585296
1585297
1585298
1585299
1585300
1585302
1585304
1585305
1585306
1585307
1585309
1585310
1585311
1585312
1585313
1585314
1585315
1585316
1585317
1585318
1585319
1585320
1585322
1585345
1585347
1585349
1585351
1585353
1585355
1585359
1585361
1585363
1585365
1585367
1585369
1585371
1585373
1585375
1586634
1587031
1588412
1589740
1592893
1592895
1593325
1593327
1593328
1593329
1593330
1593331
1593334
1593335
1593337
1593339
1593340
1593341
1593342
1593344
1593346
1593350
1593352
1593354
1593358
1593360
1594574
1603004
1603005
1603006
1603007
1603009
1603010
1603011
1603012
1603013
1603014
1603015
1603017
1603018
1603019
1603020
1603022
1603024
1603026
1603028
1603030
1603032
1603952
1604321
1604322
1604323
1605521
1606732
1606733
1608266
1608660
1608661
1608937
1610781
1612340
1614651
1614655
1634151
1639810
1656472
1656532
1656628
1661462
1661466
1661467
1661469
1661473
1661474
1661475
1661476
1661477
1661478
1661482
1661484
1661485
1661486
1661487
1661488
1661489
1661490
1661491
1661493
1661495
1661496
1661497
1661498
1661499
1661500
1661501
1661502
1661503
1661504
1661505
1661509
1661510
1661516
1661519
1661523
1661525
1661527
1661529
1661537
1661539
1661541
1661544
1661803
1661804
1661808
1661809
1661810
1661814
1661815
1661817
1661818
1661819
1661820
1661824
1661826
1661828
1661829
1661831
1661832
1661833
1661834
1661835
1661837
1661838
1661839
1661841
1661849
1661853
1661855
1661856
1661858
1661859
1661861
1661865
1661869
1661872
1661874
1661876
1661878
1661888
1661890
1661892
1661894
1661896
1661898
1661900
1661906
1661908
1661920
1676788
1684967
1715807
1715808
1715809
1715810
1715811
1715812
1715813
1715814
1715815
1715817
1715819
1715820
1715821
1715822
1715823
1715825
1715826
1715830
1715832
1715834
1715836
1715838
1715840
1715842
1715844
1715846
1715848
1717372
1717395
1717415
1717578
1718276
1735703
1738594
1738595
1738596
1739560
1742593
1765954
1825471
1826297
1827352
1836603
1856621
1876001
1890437
1892066
1902407
1904322
1904323
1904324
1904325
1904327
1924552
1924553
1924554
1924555
1924556
1924557
1924558
1924559
1924560
1924561
1924562
1924563
1924565
1924566
1924567
1924568
1924569
1924570
1924571
1924573
1924575
1924577
1924579
1924581
1928120
1950168
1971315
1981045
2015173
2028677
2033808
2043367
2050949
2054904
2081835
2086591
2211449
2231401
2231402
2231403
2231404
2231405
2231406
2231407
2231408
2231409
2231410
2231411
2231412
2231413
2231415
2231417
2231419
2231421
2491645
2565833
2567737
2569392
2569394
2663211
2681038
2836068
2838189
